-1 17
-1 20
-1 -23
-2 18
-2 21
-2 -24
-3 23
-3 20
-3 -17
-4 24
-4 21
-4 -18
-5 20
-5 23
-5 -26
-6 21
-6 24
-6 -27
-7 26
-7 23
-7 -20
-8 27
-8 24
-8 -21
-9 23
-9 26
-9 -17
-10 24
-10 27
-10 -18
-11 17
-11 26
-11 -23
-12 18
-12 27
-12 -24
-13 26
-13 17
-13 -20
-14 27
-14 18
-14 -21
-15 20
-15 17
-15 -26
-16 21
-16 18
-16 -27
-1 -18
-1 -21
-1 24
-2 -19
-2 -22
-2 25
-3 -24
-3 18
-3 -21
-4 -25
-4 19
-4 -22
-5 -21
-5 27
-5 -24
-6 -22
-6 28
-6 -25
-7 -27
-7 21
-7 -24
-8 -28
-8 22
-8 -25
-9 -24
-9 18
-9 -27
-10 -25
-10 19
-10 -28
-11 -18
-11 24
-11 -27
-12 -19
-12 25
-12 -28
-13 -27
-13 21
-13 -18
-14 -28
-14 22
-14 -19
-15 -21
-15 27
-15 -18
-16 -22
-16 28
-16 -19
-17 18 1 11 13 15
-18 19 2 12 14 16
-20 21 5 15 1 3
-21 22 6 16 2 4
-23 24 9 3 5 7
-24 25 10 4 6 8
-26 27 13 7 9 11
-27 28 14 8 10 12
17 -18 3 9
18 -19 4 10
20 -21 7 13
21 -22 8 14
23 -24 1 11
24 -25 2 12
26 -27 5 15
27 -28 6 16
-1 -3
-2 -4
-1 -5
-2 -6
-1 -7
-2 -8
-1 -9
-2 -10
-1 -11
-2 -12
-1 -13
-2 -14
-1 -15
-2 -16
-3 -5
-4 -6
-3 -7
-4 -8
-3 -9
-4 -10
-3 -11
-4 -12
-3 -13
-4 -14
-3 -15
-4 -16
-5 -7
-6 -8
-5 -9
-6 -10
-5 -11
-6 -12
-5 -13
-6 -14
-5 -15
-6 -16
-7 -9
-8 -10
-7 -11
-8 -12
-7 -13
-8 -14
-7 -15
-8 -16
-9 -11
-10 -12
-9 -13
-10 -14
-9 -15
-10 -16
-11 -13
-12 -14
-11 -15
-12 -16
-13 -15
-14 -16
-17
20
23
26
19 22 25 28
-19 -22
-19 -25
-19 -28
-22 -25
-22 -28
-25 -28
0
 1 Jump(1,2,3,1)
 2 Jump(1,2,3,2)
 3 Jump(3,2,1,1)
 4 Jump(3,2,1,2)
 5 Jump(2,3,4,1)
 6 Jump(2,3,4,2)
 7 Jump(4,3,2,1)
 8 Jump(4,3,2,2)
 9 Jump(3,4,1,1)
10 Jump(3,4,1,2)
11 Jump(1,4,3,1)
12 Jump(1,4,3,2)
13 Jump(4,1,2,1)
14 Jump(4,1,2,2)
15 Jump(2,1,4,1)
16 Jump(2,1,4,2)
17 Peg(1,1)
18 Peg(1,2)
19 Peg(1,3)
20 Peg(2,1)
21 Peg(2,2)
22 Peg(2,3)
23 Peg(3,1)
24 Peg(3,2)
25 Peg(3,3)
26 Peg(4,1)
27 Peg(4,2)
28 Peg(4,3)
